#include <stddef.h>
#include "c_lpoe/lpoe.h"
#include "kinematics.h"
#include "mark2_0.h"
#include "mark2_0_nom.h"

struct model_lpoe_link calib_frame_4_0[] = {
    {
        .s = {0.0, 0.0, 0.0, 0.0, 0.0, 0.0},
        .trans = {
            {9.99985068e-01, 1.72219568e-03, -5.18628463e-03, -1.25520201e-03},
            {-1.72798948e-03, 9.99997888e-01, -1.11286500e-03, -1.04666952e-03},
            {5.18435710e-03, 1.12181022e-03, 9.99985932e-01, -6.32745349e-03},
            {0.00000000e+00, 0.00000000e+00, 0.00000000e+00, 1.00000000e+00},
        },
    },
    {
        .s = {0.0, 0.0, 0.0, 0.0, 0.0, 1.0},
        .trans = {
            {7.38871080e-02, -9.97260169e-01, -3.58484737e-03, 9.78833879e-02},
            {9.97126115e-01, 7.38158838e-02, 1.70507199e-02, 8.44778604e-02},
            {-1.67393851e-02, -4.83437331e-03, 9.99848199e-01, 5.07643252e-03},
            {0.00000000e+00, 0.00000000e+00, 0.00000000e+00, 1.00000000e+00},
        },
    },
    {
        .s = {0.0, 0.0, 0.0, 0.0, 0.0, 1.0},
        .trans = {
            {1.00000000e+00, 7.27270167e-20, 5.30341568e-19, 1.57428356e-01},
            {-7.27270167e-20, 1.00000000e+00, -1.92850800e-38, 5.42296960e-04},
            {-5.30341568e-19, -1.92850800e-38, 1.00000000e+00, 4.95077097e-03},
            {0.00000000e+00, 0.00000000e+00, 0.00000000e+00, 1.00000000e+00},
        },
    },
};

struct model_lpoe_link calib_frame_4_6[] = {
    {
        .s = {0.0, 0.0, 0.0, 0.0, 0.0, 0.0},
        .trans = {
            {9.99985068e-01, 1.72219568e-03, -5.18628463e-03, -1.25520201e-03},
            {-1.72798948e-03, 9.99997888e-01, -1.11286500e-03, -1.04666952e-03},
            {5.18435710e-03, 1.12181022e-03, 9.99985932e-01, -6.32745349e-03},
            {0.00000000e+00, 0.00000000e+00, 0.00000000e+00, 1.00000000e+00},
        },
    },
    {
        .s = {0.0, 0.0, 0.0, 0.0, 0.0, 1.0},
        .trans = {
            {9.94353013e-01, 1.17063518e-02, 1.05475333e-01, 9.46061695e-01},
            {-1.17071715e-02, 9.99931282e-01, -6.11385356e-04, -6.08364632e-02},
            {-1.05475242e-01, -6.26884944e-04, 9.94421732e-01, 1.09117028e-02},
            {0.00000000e+00, 0.00000000e+00, 0.00000000e+00, 1.00000000e+00},
        },
    },
    {
        .s = {0.0, 0.0, 0.0, 1.0, 0.0, 0.0},
        .trans = {
            {-5.26407263e-04, -9.95717887e-01, 9.24424790e-02, 1.07638650e-04},
            {9.99999861e-01, -5.25763873e-04, 3.13135021e-05, -7.87271691e-04},
            {1.74235016e-05, 9.24424827e-02, 9.95718026e-01, 5.81165485e-03},
            {0.00000000e+00, 0.00000000e+00, 0.00000000e+00, 1.00000000e+00},
        },
    },
    {
        .s = {0.0, 0.0, 0.0, 0.0, 0.0, 1.0},
        .trans = {
            {9.99988938e-01, 5.89909290e-04, -4.66648589e-03, 1.53493594e-01},
            {-5.89911865e-04, 9.99999826e-01, 8.24709445e-07, 1.32277662e-02},
            {4.66648556e-03, 1.92811507e-06, 9.99989112e-01, -8.59417312e-03},
            {0.00000000e+00, 0.00000000e+00, 0.00000000e+00, 1.00000000e+00},
        },
    },
    {
        .s = {0.0, 0.0, 0.0, 1.0, 0.0, 0.0},
        .trans = {
            {1.00000000e+00, -2.22448226e-11, -4.02443294e-11, 3.45906229e-03},
            {2.22448226e-11, 1.00000000e+00, 2.25878598e-10, -1.51122732e-02},
            {4.02443294e-11, -2.25878598e-10, 1.00000000e+00, -2.58763571e-10},
            {0.00000000e+00, 0.00000000e+00, 0.00000000e+00, 1.00000000e+00},
        },
    },
    {
        .s = {0.0, 0.0, 0.0, 0.0, 0.0, 1.0},
        .trans = {
            {1.00000000e+00, 7.93569666e-20, 3.21453171e-20, 8.48275330e-01},
            {-7.93569666e-20, 1.00000000e+00, -3.68117571e-19, 2.61237041e-11},
            {-3.21453171e-20, 3.68117571e-19, 1.00000000e+00, -2.60485906e-10},
            {0.00000000e+00, 0.00000000e+00, 0.00000000e+00, 1.00000000e+00},
        },
    },
};

struct model_lpoe_link calib_frame_9_7[] = {
    {
        .s = {0.0, 0.0, 0.0, 0.0, 0.0, 0.0},
        .trans = {
            {9.99985068e-01, 1.72219568e-03, -5.18628463e-03, -1.25520201e-03},
            {-1.72798948e-03, 9.99997888e-01, -1.11286500e-03, -1.04666952e-03},
            {5.18435710e-03, 1.12181022e-03, 9.99985932e-01, -6.32745349e-03},
            {0.00000000e+00, 0.00000000e+00, 0.00000000e+00, 1.00000000e+00},
        },
    },
    {
        .s = {0.0, 0.0, 0.0, 0.0, 0.0, 1.0},
        .trans = {
            {9.99984000e-01, -2.92970135e-03, 4.83916284e-03, 9.45585964e-01},
            {2.93820222e-03, 9.99994151e-01, -1.75050756e-03, -6.04021546e-02},
            {-4.83400608e-03, 1.76469799e-03, 9.99986759e-01, 2.27686185e-01},
            {0.00000000e+00, 0.00000000e+00, 0.00000000e+00, 1.00000000e+00},
        },
    },
    {
        .s = {0.0, 0.0, 0.0, 1.0, 0.0, 0.0},
        .trans = {
            {4.54644510e-07, -9.99999931e-01, 3.71269093e-04, 7.09079949e-04},
            {9.99998976e-01, -7.67990709e-08, -1.43142298e-03, -1.48813075e-03},
            {1.43142291e-03, 3.71269363e-04, 9.99998907e-01, -2.31592628e-03},
            {0.00000000e+00, 0.00000000e+00, 0.00000000e+00, 1.00000000e+00},
        },
    },
    {
        .s = {0.0, 0.0, 0.0, 0.0, 0.0, 1.0},
        .trans = {
            {9.99996883e-01, -1.21641040e-03, 2.18040491e-03, 9.06269537e-01},
            {1.21643011e-03, 9.99999260e-01, -7.71412946e-06, -1.34403994e-03},
            {-2.18039391e-03, 1.03664156e-05, 9.99997623e-01, -2.31295544e-03},
            {0.00000000e+00, 0.00000000e+00, 0.00000000e+00, 1.00000000e+00},
        },
    },
    {
        .s = {0.0, 0.0, 0.0, 1.0, 0.0, 0.0},
        .trans = {
            {9.99998750e-01, 1.58107081e-03, 3.74473003e-09, 1.27740251e-03},
            {-1.58107081e-03, 9.99998750e-01, -8.06360600e-07, 7.75620556e-05},
            {-5.01963856e-09, 8.06353671e-07, 1.00000000e+00, -2.04838933e-04},
            {0.00000000e+00, 0.00000000e+00, 0.00000000e+00, 1.00000000e+00},
        },
    },
    {
        .s = {0.0, 0.0, 0.0, 0.0, 1.0, 0.0},
        .trans = {
            {9.99998830e-01, 1.43771453e-03, 5.23380163e-04, 6.34014994e-02},
            {-1.43747740e-03, 9.99998864e-01, -4.53171750e-04, 7.62040935e-05},
            {-5.24031100e-04, 4.52418873e-04, 9.99999760e-01, -2.61186948e-01},
            {0.00000000e+00, 0.00000000e+00, 0.00000000e+00, 1.00000000e+00},
        },
    },
    {
        .s = {0.0, 0.0, 0.0, 0.0, 0.0, 1.0},
        .trans = {
            {-1.98444775e-03, 9.99986285e-01, 4.84682360e-03, 1.19820638e-03},
            {-9.99990192e-01, -1.96521747e-03, -3.96914976e-03, 6.51961746e-04},
            {-3.95957026e-03, -4.85465263e-03, 9.99980377e-01, 5.39094220e-03},
            {0.00000000e+00, 0.00000000e+00, 0.00000000e+00, 1.00000000e+00},
        },
    },
};

struct model_lpoe_link calib_frame_9_8[] = {
    {
        .s = {0.0, 0.0, 0.0, 0.0, 0.0, 0.0},
        .trans = {
            {9.99985068e-01, 1.72219568e-03, -5.18628463e-03, -1.25520201e-03},
            {-1.72798948e-03, 9.99997888e-01, -1.11286500e-03, -1.04666952e-03},
            {5.18435710e-03, 1.12181022e-03, 9.99985932e-01, -6.32745349e-03},
            {0.00000000e+00, 0.00000000e+00, 0.00000000e+00, 1.00000000e+00},
        },
    },
    {
        .s = {0.0, 0.0, 0.0, 0.0, 0.0, 1.0},
        .trans = {
            {9.94353013e-01, 1.17063518e-02, 1.05475333e-01, 9.46061695e-01},
            {-1.17071715e-02, 9.99931282e-01, -6.11385356e-04, -6.08364632e-02},
            {-1.05475242e-01, -6.26884944e-04, 9.94421732e-01, 1.09117028e-02},
            {0.00000000e+00, 0.00000000e+00, 0.00000000e+00, 1.00000000e+00},
        },
    },
    {
        .s = {0.0, 0.0, 0.0, 1.0, 0.0, 0.0},
        .trans = {
            {-5.26407263e-04, -9.95717887e-01, 9.24424790e-02, 1.07638650e-04},
            {9.99999861e-01, -5.25763873e-04, 3.13135021e-05, -7.87271691e-04},
            {1.74235016e-05, 9.24424827e-02, 9.95718026e-01, 5.81165485e-03},
            {0.00000000e+00, 0.00000000e+00, 0.00000000e+00, 1.00000000e+00},
        },
    },
    {
        .s = {0.0, 0.0, 0.0, 0.0, 0.0, 1.0},
        .trans = {
            {9.99695163e-01, -3.24094386e-03, -2.44760560e-02, 9.05400350e-01},
            {3.24039001e-03, 9.99994748e-01, -6.22900935e-05, -5.11249947e-03},
            {2.44761294e-02, -1.70408623e-05, 9.99700415e-01, 1.43874440e-02},
            {0.00000000e+00, 0.00000000e+00, 0.00000000e+00, 1.00000000e+00},
        },
    },
    {
        .s = {0.0, 0.0, 0.0, 1.0, 0.0, 0.0},
        .trans = {
            {9.99929663e-01, 1.18604271e-02, -5.27602284e-08, 5.95968002e-04},
            {-1.18604271e-02, 9.99929663e-01, -6.43830504e-06, -2.37143477e-03},
            {-2.36045303e-08, 6.43847794e-06, 1.00000000e+00, 1.73247969e-03},
            {0.00000000e+00, 0.00000000e+00, 0.00000000e+00, 1.00000000e+00},
        },
    },
    {
        .s = {0.0, 0.0, 0.0, 0.0, 1.0, 0.0},
        .trans = {
            {9.99999388e-01, 5.30411654e-04, -9.70897648e-04, 6.38181110e-02},
            {-5.30650186e-04, 9.99999829e-01, -2.45441181e-04, -2.35765335e-03},
            {9.70767297e-04, 2.45956237e-04, 9.99999499e-01, -4.44232065e-02},
            {0.00000000e+00, 0.00000000e+00, 0.00000000e+00, 1.00000000e+00},
        },
    },
    {
        .s = {0.0, 0.0, 0.0, 0.0, 0.0, 1.0},
        .trans = {
            {-1.98444775e-03, 9.99986285e-01, 4.84682360e-03, 1.19820638e-03},
            {-9.99990192e-01, -1.96521747e-03, -3.96914976e-03, 6.51961746e-04},
            {-3.95957026e-03, -4.85465263e-03, 9.99980377e-01, 5.39094220e-03},
            {0.00000000e+00, 0.00000000e+00, 0.00000000e+00, 1.00000000e+00},
        },
    },
};

struct model_hkm mark2_0_calib = {
    .frame4_0 = {
        .lrob = calib_frame_4_0,
        .n_screw = 3,
    },
    .frame4_6 = {
        .lrob = calib_frame_4_6,
        .n_screw = 6,
    },
    .frame9_7 = {
        .lrob = calib_frame_9_7,
        .n_screw = 7,
    },
    .frame9_8 = {
        .lrob = calib_frame_9_8,
        .n_screw = 7,
    },
    .nominal_model = &mark2_0_nom,
    .ax3_stiffness = 13322.337154878154,
    .ax3_offs = 0.003299472957352923,
};